verts = [
    (0.0965, 0.1500, 0),
    (0.1500, 0.1500, 0),
    (0.1492, 0.1240, 0),
    (0.1489, 0.1229, 0),
    (0.1481, 0.1220, 0),
    (0.1471, 0.1217, 0),
    (0.1315, 0.1217, 0),
    (0.1178, 0.1208, 0),
    (0.1047, 0.1182, 0),
    (0.0921, 0.1140, 0),
    (0.0801, 0.1083, 0),
    (0.0689, 0.1011, 0),
    (0.0586, 0.0926, 0),
    (0.0491, 0.0827, 0),
    (0.0407, 0.0717, 0),
    (0.0334, 0.0596, 0),
    (0.0274, 0.0464, 0),
    (0.0226, 0.0323, 0),
    (0.0198, 0.0202, 0),
    (0.0197, 0.0185, 0),
    (0.0200, 0.0166, 0),
    (0.0207, 0.0151, 0),
    (0.0236, 0.0107, 0),
    (0.0240, 0.0101, 0),
    (0.0243, 0.0095, 0),
    (0.0245, 0.0088, 0),
    (0.0247, 0.0078, 0),
    (0.0248, 0.0071, 0),
    (0.0247, 0.0058, 0),
    (0.0246, 0.0049, 0),
    (0.0243, 0.0041, 0),
    (0.0240, 0.0033, 0),
    (0.0235, 0.0026, 0),
    (0.0230, 0.0020, 0),
    (0.0225, 0.0014, 0),
    (0.0218, 0.0009, 0),
    (0.0212, 0.0005, 0),
    (0.0204, 0.0002, 0),
    (0.0197, 0.0001, 0),
    (0.0189, 0.0000, 0),
    (0.0000, 0.0000, 0),
    (0.0000, 0.0585, 0),
]

edges = [
    (0, 1),
    (1, 2),
    (2, 3),
    (3, 4),
    (4, 5),
    (5, 6),
    (6, 7),
    (7, 8),
    (8, 9),
    (9, 10),
    (10, 11),
    (11, 12),
    (12, 13),
    (13, 14),
    (14, 15),
    (15, 16),
    (16, 17),
    (17, 18),
    (18, 19),
    (19, 20),
    (20, 21),
    (21, 22),
    (22, 23),
    (23, 24),
    (24, 25),
    (25, 26),
    (26, 27),
    (27, 28),
    (28, 29),
    (29, 30),
    (30, 31),
    (31, 32),
    (32, 33),
    (33, 34),
    (34, 35),
    (35, 36),
    (36, 37),
    (37, 38),
    (38, 39),
    (39, 40),
    (40, 41),
    (41, 0),
]

faces = []
