verts = [
    (0.0921, 0.0844, 0),
    (0.0915, 0.0833, 0),
    (0.0908, 0.0821, 0),
    (0.0836, 0.0696, 0),
    (0.0829, 0.0685, 0),
    (0.0822, 0.0674, 0),
    (0.0815, 0.0663, 0),
    (0.0808, 0.0652, 0),
    (0.0801, 0.0642, 0),
    (0.0794, 0.0632, 0),
    (0.0786, 0.0621, 0),
    (0.0779, 0.0611, 0),
    (0.0771, 0.0601, 0),
    (0.0763, 0.0591, 0),
    (0.0755, 0.0580, 0),
    (0.0747, 0.0570, 0),
    (0.0739, 0.0561, 0),
    (0.0732, 0.0552, 0),
    (0.0724, 0.0544, 0),
    (0.0717, 0.0536, 0),
    (0.0709, 0.0528, 0),
    (0.0701, 0.0521, 0),
    (0.0693, 0.0513, 0),
    (0.0685, 0.0506, 0),
    (0.0676, 0.0498, 0),
    (0.0668, 0.0491, 0),
    (0.0659, 0.0484, 0),
    (0.0649, 0.0477, 0),
    (0.0638, 0.0469, 0),
    (0.0627, 0.0461, 0),
    (0.0617, 0.0454, 0),
    (0.0606, 0.0447, 0),
    (0.0595, 0.0441, 0),
    (0.0584, 0.0434, 0),
    (0.0573, 0.0428, 0),
    (0.0561, 0.0422, 0),
    (0.0549, 0.0416, 0),
    (0.0537, 0.0411, 0),
    (0.0525, 0.0405, 0),
    (0.0512, 0.0400, 0),
    (0.0500, 0.0395, 0),
    (0.0489, 0.0391, 0),
    (0.0477, 0.0387, 0),
    (0.0465, 0.0383, 0),
    (0.0453, 0.0380, 0),
    (0.0442, 0.0377, 0),
    (0.0430, 0.0374, 0),
    (0.0418, 0.0372, 0),
    (0.0406, 0.0369, 0),
    (0.0393, 0.0367, 0),
    (0.0381, 0.0366, 0),
    (0.0368, 0.0364, 0),
    (0.0368, 0.0216, 0),
    (0.0335, 0.0215, 0),
    (0.0304, 0.0209, 0),
    (0.0274, 0.0199, 0),
    (0.0246, 0.0187, 0),
    (0.0220, 0.0171, 0),
    (0.0197, 0.0153, 0),
    (0.0177, 0.0132, 0),
    (0.0159, 0.0109, 0),
    (0.0145, 0.0084, 0),
    (0.0135, 0.0058, 0),
    (0.0129, 0.0029, 0),
    (0.0126, -0.0000, 0),
    (-0.0000, 0.0000, 0),
    (-0.0000, 0.0371, 0),
    (0.1245, 0.1488, 0),
    (0.1500, 0.1500, 0),
    (0.1500, 0.1246, 0),
    (0.1493, 0.1244, 0),
    (0.1486, 0.1243, 0),
    (0.1480, 0.1241, 0),
    (0.1473, 0.1240, 0),
    (0.1466, 0.1238, 0),
    (0.1460, 0.1236, 0),
    (0.1454, 0.1235, 0),
    (0.1447, 0.1233, 0),
    (0.1441, 0.1231, 0),
    (0.1434, 0.1229, 0),
    (0.1427, 0.1228, 0),
    (0.1421, 0.1226, 0),
    (0.1414, 0.1224, 0),
    (0.1408, 0.1222, 0),
    (0.1401, 0.1220, 0),
    (0.1395, 0.1218, 0),
    (0.1389, 0.1216, 0),
    (0.1383, 0.1214, 0),
    (0.1377, 0.1212, 0),
    (0.1371, 0.1210, 0),
    (0.1365, 0.1208, 0),
    (0.1359, 0.1206, 0),
    (0.1353, 0.1203, 0),
    (0.1346, 0.1201, 0),
    (0.1333, 0.1196, 0),
    (0.1321, 0.1191, 0),
    (0.1308, 0.1186, 0),
    (0.1296, 0.1181, 0),
    (0.1284, 0.1175, 0),
    (0.1272, 0.1170, 0),
    (0.1260, 0.1164, 0),
    (0.1248, 0.1159, 0),
    (0.1237, 0.1153, 0),
    (0.1225, 0.1146, 0),
    (0.1213, 0.1140, 0),
    (0.1201, 0.1133, 0),
    (0.1190, 0.1127, 0),
    (0.1179, 0.1120, 0),
    (0.1168, 0.1114, 0),
    (0.1158, 0.1107, 0),
    (0.1148, 0.1101, 0),
    (0.1139, 0.1094, 0),
    (0.1129, 0.1087, 0),
    (0.1120, 0.1080, 0),
    (0.1110, 0.1073, 0),
    (0.1101, 0.1065, 0),
    (0.1091, 0.1057, 0),
    (0.1082, 0.1049, 0),
    (0.1073, 0.1041, 0),
    (0.1065, 0.1034, 0),
    (0.1057, 0.1026, 0),
    (0.1050, 0.1019, 0),
    (0.1042, 0.1011, 0),
    (0.1035, 0.1004, 0),
    (0.1028, 0.0996, 0),
    (0.1021, 0.0988, 0),
    (0.1014, 0.0980, 0),
    (0.1008, 0.0971, 0),
    (0.1001, 0.0963, 0),
    (0.0994, 0.0954, 0),
    (0.0986, 0.0943, 0),
    (0.0978, 0.0931, 0),
    (0.0971, 0.0921, 0),
    (0.0963, 0.0910, 0),
    (0.0956, 0.0899, 0),
    (0.0949, 0.0888, 0),
    (0.0942, 0.0878, 0),
    (0.0935, 0.0867, 0),
    (0.0928, 0.0856, 0),
]

edges = [
    (0, 1),
    (1, 2),
    (2, 3),
    (3, 4),
    (4, 5),
    (5, 6),
    (6, 7),
    (7, 8),
    (8, 9),
    (9, 10),
    (10, 11),
    (11, 12),
    (12, 13),
    (13, 14),
    (14, 15),
    (15, 16),
    (16, 17),
    (17, 18),
    (18, 19),
    (19, 20),
    (20, 21),
    (21, 22),
    (22, 23),
    (23, 24),
    (24, 25),
    (25, 26),
    (26, 27),
    (27, 28),
    (28, 29),
    (29, 30),
    (30, 31),
    (31, 32),
    (32, 33),
    (33, 34),
    (34, 35),
    (35, 36),
    (36, 37),
    (37, 38),
    (38, 39),
    (39, 40),
    (40, 41),
    (41, 42),
    (42, 43),
    (43, 44),
    (44, 45),
    (45, 46),
    (46, 47),
    (47, 48),
    (48, 49),
    (49, 50),
    (50, 51),
    (51, 52),
    (52, 53),
    (53, 54),
    (54, 55),
    (55, 56),
    (56, 57),
    (57, 58),
    (58, 59),
    (59, 60),
    (60, 61),
    (61, 62),
    (62, 63),
    (63, 64),
    (64, 65),
    (65, 66),
    (66, 67),
    (67, 68),
    (68, 69),
    (69, 70),
    (70, 71),
    (71, 72),
    (72, 73),
    (73, 74),
    (74, 75),
    (75, 76),
    (76, 77),
    (77, 78),
    (78, 79),
    (79, 80),
    (80, 81),
    (81, 82),
    (82, 83),
    (83, 84),
    (84, 85),
    (85, 86),
    (86, 87),
    (87, 88),
    (88, 89),
    (89, 90),
    (90, 91),
    (91, 92),
    (92, 93),
    (93, 94),
    (94, 95),
    (95, 96),
    (96, 97),
    (97, 98),
    (98, 99),
    (99, 100),
    (100, 101),
    (101, 102),
    (102, 103),
    (103, 104),
    (104, 105),
    (105, 106),
    (106, 107),
    (107, 108),
    (108, 109),
    (109, 110),
    (110, 111),
    (111, 112),
    (112, 113),
    (113, 114),
    (114, 115),
    (115, 116),
    (116, 117),
    (117, 118),
    (118, 119),
    (119, 120),
    (120, 121),
    (121, 122),
    (122, 123),
    (123, 124),
    (124, 125),
    (125, 126),
    (126, 127),
    (127, 128),
    (128, 129),
    (129, 130),
    (130, 131),
    (131, 132),
    (132, 133),
    (133, 134),
    (134, 135),
    (135, 136),
    (136, 137),
    (137, 138),
    (138, 0),
]

faces = []
