verts = [
    (0.1500, 0.1500, 0),
    (0.1500, 0.1315, 0),
    (0.1396, 0.1313, 0),
    (0.1395, 0.1289, 0),
    (0.1392, 0.1258, 0),
    (0.1381, 0.1227, 0),
    (0.1363, 0.1198, 0),
    (0.1339, 0.1174, 0),
    (0.1313, 0.1154, 0),
    (0.1280, 0.1141, 0),
    (0.1246, 0.1131, 0),
    (0.1212, 0.1126, 0),
    (0.1180, 0.1126, 0),
    (0.1180, 0.1063, 0),
    (0.1099, 0.1035, 0),
    (0.1006, 0.0988, 0),
    (0.0929, 0.0935, 0),
    (0.0862, 0.0878, 0),
    (0.0804, 0.0819, 0),
    (0.0756, 0.0753, 0),
    (0.0716, 0.0685, 0),
    (0.0680, 0.0611, 0),
    (0.0652, 0.0536, 0),
    (0.0632, 0.0449, 0),
    (0.0619, 0.0376, 0),
    (0.0545, 0.0375, 0),
    (0.0545, 0.0333, 0),
    (0.0539, 0.0305, 0),
    (0.0519, 0.0268, 0),
    (0.0497, 0.0243, 0),
    (0.0471, 0.0223, 0),
    (0.0436, 0.0205, 0),
    (0.0400, 0.0192, 0),
    (0.0361, 0.0187, 0),
    (0.0331, 0.0186, 0),
    (0.0331, 0.0000, 0),
    (0.0000, 0.0000, 0),
    (0.0000, 0.1500, 0),
]

edges = [
    (0, 1),
    (1, 2),
    (2, 3),
    (3, 4),
    (4, 5),
    (5, 6),
    (6, 7),
    (7, 8),
    (8, 9),
    (9, 10),
    (10, 11),
    (11, 12),
    (12, 13),
    (13, 14),
    (14, 15),
    (15, 16),
    (16, 17),
    (17, 18),
    (18, 19),
    (19, 20),
    (20, 21),
    (21, 22),
    (22, 23),
    (23, 24),
    (24, 25),
    (25, 26),
    (26, 27),
    (27, 28),
    (28, 29),
    (29, 30),
    (30, 31),
    (31, 32),
    (32, 33),
    (33, 34),
    (34, 35),
    (35, 36),
    (36, 37),
    (37, 0),
]

faces = []
