verts = [
    (0.1211, 0.0229, 0),
    (0.1159, 0.0257, 0),
    (0.1125, 0.0286, 0),
    (0.1097, 0.0326, 0),
    (0.1081, 0.0360, 0),
    (0.1072, 0.0417, 0),
    (0.1062, 0.0474, 0),
    (0.1048, 0.0527, 0),
    (0.1020, 0.0577, 0),
    (0.0994, 0.0607, 0),
    (0.0959, 0.0633, 0),
    (0.0921, 0.0652, 0),
    (0.0879, 0.0665, 0),
    (0.0814, 0.0667, 0),
    (0.0814, 0.0778, 0),
    (0.0696, 0.0778, 0),
    (0.0669, 0.0875, 0),
    (0.0613, 0.0966, 0),
    (0.0539, 0.1035, 0),
    (0.0450, 0.1087, 0),
    (0.0450, 0.1175, 0),
    (0.0350, 0.1175, 0),
    (0.0350, 0.1216, 0),
    (0.0335, 0.1256, 0),
    (0.0306, 0.1291, 0),
    (0.0271, 0.1311, 0),
    (0.0215, 0.1332, 0),
    (0.0162, 0.1359, 0),
    (0.0136, 0.1379, 0),
    (0.0116, 0.1405, 0),
    (0.0102, 0.1434, 0),
    (0.0097, 0.1468, 0),
    (0.0098, 0.1500, 0),
    (0.0000, 0.1500, 0),
    (0.0000, 0.1104, 0),
    (0.1080, -0.0000, 0),
    (0.1500, -0.0000, 0),
    (0.1500, 0.0123, 0),
    (0.1419, 0.0123, 0),
    (0.1414, 0.0215, 0),
    (0.1373, 0.0203, 0),
    (0.1319, 0.0203, 0),
    (0.1268, 0.0210, 0),
]

edges = [
    (0, 1),
    (1, 2),
    (2, 3),
    (3, 4),
    (4, 5),
    (5, 6),
    (6, 7),
    (7, 8),
    (8, 9),
    (9, 10),
    (10, 11),
    (11, 12),
    (12, 13),
    (13, 14),
    (14, 15),
    (15, 16),
    (16, 17),
    (17, 18),
    (18, 19),
    (19, 20),
    (20, 21),
    (21, 22),
    (22, 23),
    (23, 24),
    (24, 25),
    (25, 26),
    (26, 27),
    (27, 28),
    (28, 29),
    (29, 30),
    (30, 31),
    (31, 32),
    (32, 33),
    (33, 34),
    (34, 35),
    (35, 36),
    (36, 37),
    (37, 38),
    (38, 39),
    (39, 40),
    (40, 41),
    (41, 42),
    (42, 0),
]

faces = []
